0
0
0
0
0
0
0
0
0
0
0
0
0
0
0
0
0
0
0
0
0
2
2
2
2
2
2
2
2
2
2
2
2
2
2
2
2
2
0
0
2
0
0
0
0
0
0
1
0
1
0
0
0
0
0
0
1
0
0
2
2
2
2
0
1
1
1
0
1
1
1
0
1
1
1
1
0
0
0
2
0
2
0
1
0
0
0
0
0
1
0
1
0
1
0
0
0
2
2
0
2
2
2
2
2
2
2
2
2
2
2
0
1
2
0
0
2
0
0
1
0
0
0
2
0
2
0
0
0
2
0
0
2
0
0
2
2
2
2
2
2
2
2
0
2
2
2
2
2
2
2
2
0
0
0
0
0
1
0
2
0
0
0
0
0
2
0
2
0
0
0
0
-1
-1
-1
0
1
0
2
2
2
2
2
2
2
0
2
0
-1
-1
-1
0
0
0
0
1
0
2
0
2
0
2
0
2
0
2
0
0
0
0
2
2
2
2
2
2
2
0
2
0
2
0
2
2
2
2
2
2
2
0
0
0
0
1
0
2
0
0
0
0
0
2
0
2
0
0
0
0
-1
-1
-1
0
1
0
2
2
2
2
2
2
2
0
2
0
-1
-1
-1
0
0
0
0
1
0
0
0
1
0
1
0
0
0
2
0
0
0
0
0
1
1
1
1
0
1
1
1
0
1
1
1
0
2
1
1
1
0
0
3
0
0
1
0
1
0
0
0
0
0
1
0
2
0
0
3
0
0
1
1
1
1
1
1
1
1
1
1
2
2
2
2
1
1
1
0
0
1
0
0
1
0
0
0
1
0
1
0
0
0
2
0
0
1
0
0
1
1
1
1
1
1
1
1
0
1
1
1
1
1
1
1
1
0
0
0
0
0
0
0
0
0
0
0
0
0
0
0
0
0
0
0
0
1240
79
3
3
1
1370
1410
1430
1460
1520
1670
2100
2270
2870
3030
